0.4575594894238839
0.7607349719395058
0.25759109425176957
0.20896278147099162
0.478674967751499
0.21742579802645973
0.4980862865986727
0.48606260353360575
0.27206835582368755
0.23336821093175225
0.3956509021284378
0.25359544572904774
0.2353149522124574
0.2397189277701911
0.28832218894142414
0.2946454587100766
0.15282376038237702
0.43382901089852655
0.193187689574347
0.26380002967436106
0.1969397795130997
0.2692493976223596
0.30123456143799326
0.27469129570613804
0.27738645647423354
0.3070965659749552
0.24701974644635127
0.20659933427687566
0.10419735514650742
0.20984379325216757
0.3041957651805238
0.20309847920377197
0.2619297489259235
0.3088347583181622
0.3115760453130149
0.16691742403179463
0.300296865022446
0.47039924587335463
0.18462415790098702
0.2982990971549607
0.16807315768763828
0.1895884222464238
0.1734736290665547
0.17186641871195124
0.28935055674196997
0.10653535154937244
0.19074460480765124
0.052413704844726475
0.2548495673316214
0.33097320054555374
0.1575230532295249
0.21391591602940493
0.10431175522998978
0.1441727710069909
0.15083711809432798
0.13809270585484762
0.2873974482599365
0.3580734284351279
0.1450479799670264
0.3608204848075507
0.3621262925712635
0.3633901422522792
0.13448767929234395
0.28332362403608313
0.03890649303352836
0.28339536747788674
0.1326470034631457
0.21651397370440398
0.26738435051721415
0.036704965559140594
0.1882895896061826
0.2653303098561366
0.27586308079461724
0.08044783586257373
0.6677118122000881
0.3583809970458893
0.2623183089225951
0.24125616753284837
0.15376709606237096
0.1708164144276889
0.269079435688292
0.1267874593647907
0.5033726057917985
0.38269164195752536
0.3633251062602721
0.07522542931507006
0.12033974717039293
0.2257807927968104
0.38536561568640476
0.2144903708001371
0.12296038037177948
0.17184152044420448
0.11783750456521162
0.12166861597178423
0.23567461808234239
0.12245671422951412
0.12218218916089343
0.12191135206155086
0.11532484828115332
0.13203448142602747
0.39007745683395056
0.23648257193439953
0.12062429687424422
0.25650218178917
0.3912239543999893
0.2106646123549843
0.1170666002520369
0.02777513061733984
0.11115021449615699
0.13392166120904564
0.21386588121931077
0.10990547453094313
0.10626488315962565
0.10598820999078223
0.32270761378596413
0.1315917026248794
0.13157327074472222
0.13063302407148528
0.2109110200886134
0.10442915859028985
0.20618935308400932
0.3216462900160359
0.1682152624095271
0.3718170553808205
0.3211478456353339
0.10300304318409034
0.24981256813871555
0.37202909263591505
0.17294040567772662
0.10258909532606766
0.024780387868026617
0.11488437969983326
0.2494964720182753
0.31952058562516034
0.1631712904365923
0.1008809186279903
0.08858513528932994
0.21316641027392527
0.20031855354950012
0.24613205042847122
0.31815577285650565
0.37228163419039634
0.20385634843456565
0.2036026818955033
0.3722627658672087
0.2452978745752681
0.023082153790443243
0.19731767221272153
0.08824817986951534
0.11243410755509403
0.13136456841315314
0.24351422075825735
0.0881414759934202
0.1313695859000026
0.23049368129095682
0.19465138780982646
0.20044449250965105
0.24902869538958883
0.1533803071805862
0.15298357710098204
0.19299325605384418
0.05816358465289165
0.22804818307195257
0.1988347886694816
0.19167634395857475
0.1314008789884478
0.11695159731787276
0.23568672270642776
0.08806986133301616
0.19749582867970641
0.23951894868324297
0.09471761282026907
0.18907126911502897
0.19661475151219812
0.44827724928247165
0.24904209692044538
0.19595880440254973
0.31024900786892334
0.10951982687670217
0.05555238348607396
0.08404946588035096
0.13142670727944844
0.14416295439898483
0.17249486309041234
0.21981252682891522
0.14305530441412784
0.13142666708883194
0.4391017856699936
0.10869293892468387
0.08117502964732709
0.17233727513071284
0.23490541951308094
0.11196564567041306
0.7208487763729324
0.11162149049435378
0.21497466894808367
0.13909173016390294
0.053223116620720705
0.3953093031518512
0.052980636517270724
0.09352561048443175
0.10109724408556195
0.30476265768962646
0.24896345655629265
0.23185647826367495
0.1788712824456178
0.07607660665661602
0.07578993598563079
0.18914411711079734
0.2082169463455954
0.13128600501137402
0.36839743643010636
0.21607701887013314
0.24883967254527142
0.1762519542573595
0.2291398038464702
0.07326986054983418
0.05091579913969153
0.18705469668523098
0.17143777686067
0.17455439177233187
0.050494840078487674
0.2273321035279494
0.17624253532735268
0.299991368632734
0.2104526536615022
0.2995601670577963
0.19870766260824785
0.19815735882351576
0.08986846841463769
0.22519525060125042
0.22492080506418974
0.0977112713179645
0.17086738006494076
0.049176551472520896
0.1308383421639303
0.1936610576764925
0.1930927952398528
0.3656890476447234
0.12499639486770708
0.10475069636988135
0.12439821948470164
0.2961378477925956
0.12380525938977238
0.2212327721268269
0.015824430180350204
0.08630068798405817
0.3646166531044421
0.06521459515923825
0.17011174170751275
0.12176836740116843
0.19926079512784492
0.21884613143406864
0.389805512850047
0.16559951109042662
0.17928447792764465
0.06340908222936627
0.18120473214319704
0.06296893981681224
0.08260193517506653
0.11897181917382853
0.36277088580186856
0.014931787878991184
0.1634156671276114
0.24691738974685248
0.08179739709008814
0.389719117396936
0.09424173151132426
0.2905867696679
0.11657671759146437
0.387043262652726
0.15781440845260872
0.04585348680475994
0.16108653690711222
0.014343300194441508
0.10077087712376993
0.10182631731553438
0.21078533611310424
0.15995860211412205
0.1548943360903145
0.05847259766793439
0.3849175190799208
0.04508709832765358
0.2457124835237656
0.3805112066150781
0.08337295962774051
0.08326304099736843
0.08315194294678324
0.18361235762839012
0.09938784140022357
0.3829558513286264
0.08580436533659339
0.15694696569169414
0.08249714899539401
0.1105258615808431
0.11030359556974142
0.05556623584866887
0.12805419829110393
0.09985986020735521
0.1544338582302715
0.3729648091254198
0.08572526781382239
0.10878765730037074
0.20129144733644616
0.05422786928576645
0.08120626886713748
0.1666694346440578
0.09093357677398108
0.37841060987989344
0.3541167250913905
0.09072274474556528
0.05311946370776493
0.35343514954642213
0.08564597118969854
0.1968923119941095
0.16604403755708205
0.012515167325566227
0.10579014095012781
0.8122175401876427
0.17094317271219556
0.012356647874528833
0.07953554309069855
0.08558574764294774
0.051346637005405885
0.09737860351084886
0.0510674708217456
0.12588838254005727
0.24206822513585288
0.01204704523506013
0.27692075154909895
0.8197718162710481
0.1497141818395891
0.13677100057767663
0.09570640379761192
0.04986454820958922
0.07813312608022
0.07803500589571276
0.01170888016162118
0.07179835472313036
0.04923596194930931
0.10186810227499288
0.34579122192251205
0.3455057468533705
0.09546790780676909
0.040518775237154095
0.08548430810486048
0.16375246886059802
0.04026746253825138
0.16359705829956805
0.09451537687092874
0.12369781759067297
0.08874175605870316
0.14662271467981275
0.07640636412211273
0.07631036510474935
0.07621451431729784
0.011030511261720322
0.16289894276156208
0.2697768831466655
0.17636116847646008
0.34962249117509603
0.14549497361581548
0.3489619901978405
0.0682493166112595
0.3586228869826342
0.1733190927955161
0.1728060427878288
0.15099623424016428
0.09287370629672262
0.1619436610884606
0.17077334929645488
0.07476222833100195
0.1617023905962629
0.34548241511270683
0.837999757987754
0.010394483519704064
0.08544198063796378
0.0373229313202096
0.09181989760446078
0.0968135349712543
0.0658231227579239
0.1461691984077105
0.036772017908661456
0.16080560201608235
0.33184475432149524
0.09152258810636694
0.08543982218035466
0.3413242641301165
0.09076749163086453
0.0099487637598159
0.3474748874537621
0.142543778611858
0.1600636686549143
0.08542822136077721
0.1413764343955119
0.09049727737103308
0.08884675360021127
0.09473936467601497
0.1398473895818282
0.1429376168543856
0.3432700491609395
0.09425284906833403
0.06271313889422038
0.08919018977728854
0.10006474921233269
0.08907898943167518
0.0716248146334146
0.08913090744811045
0.838437368220588
0.09898426263673155
0.06159867777319203
0.14974367981091152
0.08845125087758532
0.033854163778422125
0.03379756700054072
0.07078814483500112
0.33699400137158203
0.08773664147253081
0.3212030803883838
0.04204982988068145
0.1129496672273483
0.14044802153345926
0.8358663729534945
0.11561598462534597
0.08701132180664234
0.03344229905399334
0.059405176662900856
0.8347661565735196
0.2535381480634801
0.05900632702648059
0.008741807891608652
0.08629610483885057
0.12681747674449056
0.08972404858689413
0.8331610787248154
0.0891319133951137
0.133028740699511
0.22449446746015872
0.13774278670183351
0.12427133849244092
0.13910205727683173
0.3271697438656548
0.13154073458348867
0.08484692453253723
0.32798466262251263
0.2509351020131975
0.3259272003226763
0.03987486144830846
0.08469317316358571
0.08451735477733023
0.0862120500468991
0.13824563345218505
0.08254418178196254
0.008123509378397046
0.0667348429706122
0.31329016439274926
0.08384526259395175
0.32319296387323093
0.32445416842939934
0.08960973959717726
0.03876844028017088
0.32377320134236376
0.0841328260422476
0.31208021187618123
0.06564042551656932
0.06553969166244807
0.3226602853115316
0.03609854550030282
0.08014538331502286
0.13656976747370778
0.24822944914560943
0.32160056246046886
0.06478595428285396
0.11089457419338461
0.10137649113673464
0.32080768637568724
0.08200208340501183
0.13573201842899987
0.007505624589477088
0.3200036717190319
0.8249944972243812
0.11107900558080389
0.3096918866795204
0.11008179541907548
0.3094539973415717
0.0634228752293836
0.09301163504354779
0.07749229499819517
0.09288461869042412
0.007253152755353194
0.08077445836780828
0.1341285039650613
0.06271477589122533
0.035712098571145934
0.03561544084022122
0.30830187536817577
0.8239040198173138
0.11829777955423901
0.09634851311264458
0.10652751724797015
0.31620519915471273
0.09194001065266261
0.07459174213954263
0.07546358717866622
0.07414499898363917
0.3112036321789697
0.13229310942189446
0.15176438284231164
0.04058483572229933
0.3102124138086061
0.10797595462108592
0.0878999443310079
0.09100758079340898
0.07427836320546947
0.07878786748519076
0.10758931407842034
0.09064050400657671
0.8236913299359927
0.07847122237475976
0.07359396994514436
0.8237509888907653
0.1071316435074533
0.3069881204084333
0.089961908486823
0.13001270444756252
0.05961245600430491
0.3059925623871081
0.3056124359176661
0.12950011518630017
0.006434148707646917
0.04775069593896371
0.05908915446210777
0.08704342517724163
0.0426445819918823
0.09886016775892724
0.08694790476938676
0.03158818495164476
0.8244367840368383
0.006269624586059723
0.03130675656055535
0.24339569079428833
0.006216238520974374
0.08666645460988777
0.05810881339913286
0.07849350427504434
0.05795519839056813
0.2430179141959191
0.07067411584453989
0.0705801048614295
0.0780949057845443
0.0060603333404678295
0.12649949373824645
0.10473143916518071
0.09513355408447297
0.10463520145927901
0.09473887683240577
0.3035902580633089
0.08427884056167628
0.04407289695666296
0.09400196040375071
0.08368191348062932
0.10402666191607392
0.08594667394597368
0.056597650475770825
0.14903959801582492
0.14899868542259295
0.07673120714426002
0.10159432204785793
0.14887062940617585
0.044804922900333936
0.1240749207319598
0.1049743194152089
0.29460061459674697
0.12367889691471831
0.07442131590479639
0.09974944155210519
0.005644331505688405
0.08037946523834408
0.08543631875326199
0.05548849457982023
0.08538073853059365
0.09003356480994873
0.043966951195304374
0.005540237759993464
0.027349117277420055
0.3016698456380514
0.12203522906463389
0.04509950716501368
0.19490986058314005
0.2399559638219263
0.07792165080452289
0.04519768630587846
0.05464925702166554
0.06645530602973808
0.005382629552692354
0.005368637257992258
0.12078995910902497
0.06611195551967813
0.19369874072920212
0.3007770282659516
0.07276607357622578
0.3027358029306567
0.30264352855788423
0.09349681246737042
0.07535402937962206
0.08468245258607111
0.09903192964254935
0.23860534330460942
0.30027797579762144
0.053591906917011996
0.28516517866445806
0.1472168833119177
0.08451727163333869
0.045579518113980234
0.23802060227349553
0.23795477880327512
0.0420470615808366
0.09726523820844347
0.04194325478374269
0.08365287832476265
0.2826662584026689
0.19111648229570463
0.08946506831840041
0.23724724410186085
0.30007061328627244
0.06375432782597257
0.19060447777692596
0.09571695636300004
0.09556011068024385
0.06342161781461719
0.04136981237258239
0.299311248252133
0.11647971886807433
0.070823970168578
0.1897559051359092
0.09806645608346609
0.07118497457843678
0.09790988350998218
0.11579357583065195
0.040957415852459975
0.11556581760418069
0.14624336481443237
0.18901784857883586
0.18891842417776636
0.02294345803175252
0.08393248859051101
0.23530152591778933
0.2759185433804303
0.8346770127144155
0.08406204849790469
0.04577901639984987
0.06985004212811027
0.2974749009743495
0.09659293536507574
0.0837635907374757
0.07477214867561903
0.04817303025443067
0.05100738933320709
0.8356768366003002
0.02200286738330266
0.047673310739817315
0.2723937994636879
0.02182384016050249
0.07684327643669751
0.04573584277474701
0.29566947847550434
0.11270584791997094
0.1867061259323618
0.18662505685969635
0.27039376511926305
0.06007076401274018
0.08355301637315579
0.050265000742136946
0.1453268916589669
0.29470222861913714
0.0458517302158469
0.08852746953116432
0.23256578146027018
0.23246909252478837
0.08348206931710603
0.04988746619844441
0.07199526385479556
0.059097101448019836
0.07397256926228077
0.18528506167346312
0.07747737736276644
0.29539447153031206
0.06733026155482906
0.14493177551782063
0.8386728487251203
0.06791345330405976
0.06703480804912826
0.06782331008028719
0.0455216886597199
0.03879191045546157
0.004228481749230011
0.07217379505656342
0.2946620348756983
0.09291876050072087
0.04545140842090489
0.04894033097431804
0.07149803733701368
0.05751441183182534
0.26187100057485996
0.04539411806054971
0.03841576710119104
0.0845531748522381
0.2298398033862154
0.042169449231219035
0.8404903506803403
0.183301991553771
0.09185553113694815
0.05671079706011796
0.10791563186292671
0.04525782655561249
0.05794172748108637
0.0914505119073563
0.06515099634984638
0.09128590017187165
0.06500743039692719
0.04801085290705553
0.1441816220461744
0.04791477537008998
0.841710953051998
0.04782918969143601
0.1440968229252617
0.047747138459488
0.018433710143942586
0.06792914792708092
0.07037979516594792
0.08314712017225036
0.055857630751339385
0.003908814676251932
0.08314975325472478
0.06716564926687289
0.055351904384131775
0.2922426302210648
0.08309004144482447
0.04720087419000332
0.054565390942349475
0.044848012682715606
0.08943665527620623
0.08308619290375079
0.06604011094687066
0.08919226581025698
0.06554945478906174
0.1808527408611761
0.2915207554541023
0.06541563710042854
0.18064181521733078
0.017453378118991014
0.1435855735526408
0.28668887942894283
0.046539970825871836
0.03766229944004454
0.06499575389899641
0.18020776599773553
0.0526791370735397
0.052562582243033
0.10366510482164383
0.06396093843636204
0.24748895444633456
0.05274442627428618
0.2905526947816741
0.24674962534570982
0.05175294538510611
0.06515973178857903
0.22419191958288762
0.8453017350587062
0.016715589471580604
0.06372688452824962
0.06139864461416612
0.05195686183089979
0.04561624463359933
0.22354860760357395
0.06398538086498323
0.06440886033217239
0.8459639633659232
0.08650509595689573
0.22305191022004225
0.0642764191764472
0.03621295915756955
0.0035402699858448627
0.04517506714107778
0.14301837148704363
0.24159271772515
0.03491045271233462
0.846673170918083
0.04494415326348185
0.07516091172404223
0.060136985572562654
0.17817096280985617
0.04877978173862579
0.04475096103523202
0.08528439046047188
0.059810921579669024
0.074471357873541
0.003441419496211168
0.14280962755323437
0.2821461200184892
0.003422308479345529
0.28194640714071234
0.06354989921921267
0.05907951970700199
0.061040779473620695
0.06344993557652587
0.003384424025345223
0.8480269743553649
0.033177310143578526
0.08411457004347786
0.08305060485452678
0.23530724111145865
0.2350618694798468
0.06036858811308462
0.1769214755255974
0.015164124172117556
0.04860492107094017
0.05839487772211166
0.06000538695495417
0.287016840977033
0.05730356776133112
0.014982677426775127
0.23264731116356
0.035158346750148145
0.059577331420079434
0.056810635506103185
0.05782707207707727
0.08277711032182346
0.23122342319503947
0.08261850254886041
0.042954911356335765
0.0349470823650914
0.03141993445328452
0.0831235081369876
0.217754497109982
0.2860224599780204
0.04273907172919701
0.22909050719553775
0.03100033580318529
0.8500010333908599
0.28569565603914776
0.01441536947228914
0.04266623807724179
0.042407565650957206
0.14216428430789285
0.0699432662912588
0.05585885739722084
0.04630830875199859
0.09663699447192589
0.030252333509174157
0.17523610709338083
0.2257778283528547
0.05525641242118004
0.0832336049844401
0.0691963437260421
0.03436287738692582
0.029784598019086395
0.05476209022747308
0.09590668338991974
0.2764837140076415
0.054471419224244214
0.05330230911001395
0.05321046041699372
0.8513407505937298
0.04511072875869771
0.07999527169536925
0.21466019894644137
0.2757846376568856
0.8516035786927997
0.04116871766227186
0.041124103449064385
0.013651116233759001
0.21411133821481965
0.06160856026654174
0.1742419452817628
0.8519639385266932
0.04426442746337302
0.8520653747823361
0.27483310980624137
0.0407183044276044
0.04174163907538882
0.028220610778556192
0.055710665815854175
0.061377266328238755
0.03361141678184048
0.1416962603108269
0.27404608386493434
0.033536970972264005
0.040242493293380165
0.04019466426925086
0.03984008021963823
0.00291490016577075
0.0936069727997438
0.061155794813803344
0.013126140405391905
0.04135633362554877
0.04288483164291515
0.17328773266179306
0.01303979092104725
0.14153941811049675
0.012996824974950824
0.17315641587049083
0.06541016838450629
0.0928945681665156
0.8533718957297367
0.002847094161811921
0.08342991670793641
0.026716797530323327
0.026659946265257042
0.076936114652155
0.03289548222030657
0.8536845194792728
0.06467652092923694
0.03810347238096106
0.012710412208380865
0.0537440954475391
0.052528423078694084
0.0387628196431119
0.04935377738071626
0.08343549473997096
0.0834576523807232
0.03752302601423778
0.09170787224335944
0.04802570208387051
0.04105088950350912
0.08346155050209042
0.002749538540200901
0.06361670561248493
0.02559078886092
0.052954291206826334
0.025486513578837137
0.0027270507291623034
0.27993165084198585
0.0322303018792545
0.17198109458992425
0.002709191760416197
0.03213585674356109
0.05252102369073527
0.036341463581094274
0.06278106358157796
0.012218984891661955
0.0402065684010853
0.20750346439598344
0.039831791577284364
0.035936984524762204
0.04635057352344576
0.03580450374596693
0.04713006524921927
0.05193980971173938
0.06013326681288035
0.04598418885465767
0.03547128593915412
0.04676384313071349
0.0243396207839428
0.01197372062221868
0.03911037934894498
0.03906960800494402
0.0503391996404966
0.03978311786223081
0.02405375173755225
0.27824740262215447
0.17109099035403907
0.03130671410132388
0.050029033474498906
0.034635431685266525
0.08358555176047197
0.14086545528627836
0.011758637916783126
0.8559347450755559
0.036060457913654
0.04967357245259632
0.26688900452515685
0.20459232670961172
0.08871555010737228
0.19810275737721192
0.1706280829946957
0.030832995512038414
0.07258121016134234
0.14076017811894823
0.0025225414772886466
0.044823524961422334
0.035410767456302526
0.04906810832866504
0.022959666076390176
0.022915870577075635
0.0333515227170334
0.08362537994240532
0.03727914568146799
0.03723758798414085
0.19488386693172444
0.07179959349409766
0.04977501494335469
0.0024704415202322708
0.030214223974051276
0.032826949315289844
0.03465534982670791
0.0836106408333097
0.2023470979185758
0.05949123225661712
0.08729418437145704
