2.64417452052932
2.880914705411054
2.4121099996148994
2.0009380432625616
2.4056848252310705
1.775026767388777
2.2139808667497887
2.0378030056880854
1.9481991295146572
2.1516696829610544
2.118981076318732
2.1226201549686627
1.5399926455805655
1.8192500396246007
1.9385325514004224
1.5695296784338457
1.4195390509871118
1.7492906944368964
1.4511748208692508
1.7492345107308063
1.7865131391745155
1.6478323646590038
1.4811640070898913
1.6150372984687162
1.8137517358836555
1.3087081800164422
1.4617029811735816
2.0824978048725065
1.9002860145780887
1.3680812365285606
1.3572588530741947
1.7416607568087916
1.5480092217734627
1.1674368074051285
1.6278473089091752
1.4287209535354604
1.381137070000141
1.5281569773375852
1.158527273978355
1.4611882490404147
1.606264366015909
1.440402203381924
1.790330103894007
1.0488230006896293
1.248471908121517
1.6370560759230373
1.536272078705162
1.3064258059158051
1.266660870186776
1.6761870674002475
1.4446688842300264
1.425703243327644
1.3154684908838514
1.100860418854898
1.6119388211259797
1.550250677758939
1.3202885213510867
1.1853536816967822
1.3088718359562812
1.9291149093248687
0.9965749765091011
1.8468269954420262
1.6908828877780235
1.505305978233728
1.8082910027099877
1.5308933963980267
1.2992114711807987
1.4901642205692478
1.043396830957504
1.1314895118265105
1.5839740047418953
1.5944821747913638
1.1946427657976728
0.9732241920155364
2.0662814161202845
1.5068733860598043
1.3147769200323165
1.3867029884804691
1.4429424249664677
1.1533047023020695
1.30500266482956
1.3951433605510362
1.7759338371896773
1.1031825697952768
1.2319797324504442
1.7267599434617638
0.9690556236762926
1.3447611727135096
1.7476048079429534
1.1888808233657802
1.5693137860997752
1.3225514570407733
1.523949051685399
1.3366461346884073
1.1198285702316266
1.5847411422834836
1.2900641395568626
1.0556448271462933
0.9689396838409589
0.9126740732004
1.4209020275789508
1.179757333458444
0.9851275960812954
0.8965979775324465
1.407441324141855
1.9251882537275267
1.6270197939260762
1.3030141143886558
0.9690947047511974
1.1487411056589871
1.3304746903951428
1.0807855120530172
1.2125502942080655
1.5208009292559908
1.7055906662352416
0.9491619323087919
0.950006839754329
2.1400928398957375
1.8840933301872305
1.1957655989227303
1.1561715738387048
1.1868947220206083
1.089001055015068
0.9534909099521532
1.193016858635352
1.2269674268025579
0.9319532836633643
1.2504420039331474
1.0107186214379285
1.1334831125203675
1.16071933719749
1.2857878214723315
0.9905628446716402
1.1925345647103003
0.9717852305542203
1.3567509899906378
1.5339732860834643
0.9852214577332103
0.8961273528511781
0.9390775750115053
1.6167133258749418
1.7027656457464886
1.7479841255817261
1.9610589928189268
1.3476581522330522
0.7362501450522008
0.8232903453834652
0.8715102372760105
0.7468390292942608
1.256140573740927
0.9237079886876041
1.3179781300248121
1.0488071044579383
1.172374781355583
0.9441177366204971
1.8649310461923847
1.6754299332555156
1.759425699498589
0.9126575927744474
0.9669562346964374
1.273503188432992
1.3252213454659652
1.1740740004366654
0.8460344406441177
1.2891678549483816
1.3281253019009396
0.5004024864456109
0.9054299536635704
1.6065937855588392
1.4208014130010396
0.9807371651331007
0.9400024937474644
1.1827743157671928
1.0250434935292791
1.3806824744683348
0.926057276580953
1.474097134475077
1.480994816147327
1.354597817959049
1.0314664875510187
0.8909652282788237
0.7772984387307569
1.4284722299105288
1.3523315347525984
0.8971148620630638
1.0516140993781675
0.8364741506790802
1.574056851504843
1.0645523252947517
1.1974326465657406
1.1812334700033824
2.117619630143693
0.9326673272889218
1.7065133327165725
1.1016387468253064
1.7000510548908059
1.2926538210587646
0.8777901150744065
1.69184622026007
0.5799341147752243
1.2362288380340083
0.847866817756778
1.0764035094598834
0.6755055729801103
0.8481272817202953
1.4143744148759352
0.8950832126118665
0.9731582072759064
1.2256325546017288
1.426998452164738
0.9068942014547633
1.3779020414028644
1.5253635036641089
1.2830974555416224
0.8941530524676492
1.4015743900454718
0.9883773605761019
1.1494231191545825
1.8164071506926025
1.1200091869037225
1.9926141959828303
0.9380644137988261
0.9345903850265811
1.0723063344822206
1.6904669037245814
0.8521024745546277
0.9382952244967171
1.4510827445428782
1.306603628730499
1.3720727065922274
1.172852236161766
0.7237908913544071
0.952525508337494
1.211236364404289
0.8865287238412568
1.0014865133211994
1.116871597587604
0.7531881947971737
1.8541735765392011
0.5327431144295539
0.8290872730227775
1.2686709447439755
1.0869012911704117
0.7773898041345804
1.088367301612568
0.686390874865739
0.9922980562542637
1.64224700787569
1.5777010709900179
0.8341880643049795
1.015072064274409
0.8550242611185134
0.9665294384814862
1.3497264975083092
0.9150127904961518
1.0667976985006442
0.9150639870965869
0.6796688953490548
1.4421889202198463
1.1342584945087761
0.9946964417145614
1.5758508489859628
0.70376530156056
0.9977450333267558
1.0449117725451544
0.8401469501472939
1.436653915037079
0.6960306331262631
1.2355245903802645
0.7202562567675375
1.020230681568721
1.5407611888909387
1.5560833475604121
0.44778977823256166
0.7156197001259074
1.406050123485613
0.8842881069045864
0.9845074553153967
1.1946982798955181
1.468882789704209
1.4681596119399793
1.4020681948817886
1.0808351144199133
0.9277964024688905
1.1511873566183881
1.0171080471079414
1.6932391638791089
1.1355192577426967
0.7379247011824533
0.6135644331157367
1.2855190985409646
1.1996165976274173
0.994820821751498
1.049142208351438
0.7414586608541914
1.3199963417416694
1.1633593719781932
1.5156624378700654
1.138670158022229
0.7589132500180235
0.8317008335756546
1.0844119256415725
0.9872721083534906
1.4570394829774038
0.6711559237660077
1.0508132376041004
1.5880679377670472
0.9472420780744651
1.8461586349516783
1.030495460486297
1.435542383685333
0.8597496932256327
1.1749287243119508
0.9134950223810981
0.8444838195907868
1.0164027528858823
0.8078060416258005
0.8277720311590431
1.3889086127655954
1.217968362445153
0.9463667578271453
1.647527931965283
1.1050488341115436
0.7901962019159043
0.8235781325858172
0.8706843685079938
0.629063489709956
0.9457990623816497
0.8432309813647566
0.7989300388714767
1.3281755290625556
0.9442410190026986
0.8509303119876092
1.3663336544784324
0.8359630779926581
0.5801456580375122
1.0253779850170626
0.9765556095342497
0.9409031260923617
0.77291064058903
1.5603872301673833
1.5298694464997566
1.1339115367790242
0.9513554921335856
1.0077864998645705
0.5123101824460378
0.9705478434966924
0.6334086105324717
0.6265567822518909
0.5262077504795959
0.8327786175644358
0.6703079176708715
0.9252167542284848
0.5431350476707872
1.1262408368878363
0.7066438786792019
1.0433846631258132
0.6360534313230778
0.8354142902491021
1.3529933961932648
1.006479674575919
1.583193706329171
1.3322852781931622
0.6820656278954317
1.1932267428337937
1.1187726265844544
0.8388139688969424
0.967633538482648
0.9557376165318296
1.7957291030339113
1.0610414841966036
0.7874050061674108
1.3704721043621988
1.062156190061648
1.4662628656423211
0.7464624737465617
0.9714500238910627
0.6085055652004913
1.561604604924205
1.523106618348675
0.748132430191253
0.5617281903947337
0.8256991501696479
1.9198345171543627
0.880468271910314
0.5778518647549739
0.5697509679215442
1.1745130133077528
0.8553309101123615
0.540865595793269
1.1907174362946353
0.9004527645589973
1.413073667822288
0.5481694118484289
1.0664537211911973
0.7103671814638178
0.49039100326449975
1.0569333642689187
0.6141582824140777
0.7582026039313795
0.8418732943926548
1.6670014407502023
1.009053870303637
0.9780188810051892
0.8377515446393482
0.7168072479906542
1.4060974978629515
0.97858094396909
1.3288472277908192
0.8295388376181249
0.6716835244498529
0.8385001709893694
1.4706009212779676
0.6161939520688157
0.9348269257134849
1.571981968780113
1.1020414143900494
1.0781381274396393
1.411435408203379
1.5026098391544367
0.7248756059719481
0.8240836794633452
1.7644431999533068
1.6252376597817895
1.6422713294604836
0.43448090508397036
0.5167416641188055
1.6890598600772528
0.7308905435414839
0.7473716618385496
0.6924042789543965
1.018956995739054
0.9409999505161182
1.2578192170592446
1.811076748132488
0.8527499684581565
0.7682879224114962
1.07263870207821
1.4568364987694995
0.8678533145195246
0.7530581659923455
1.4969345503087075
1.595799135816999
0.5597266837947257
0.9399530714485103
0.8869848920818776
0.7691959933214949
0.9403962356009161
0.784505649963444
1.2683857943703667
0.790388659265007
0.7721179944695823
0.7285061791758334
0.4396880141107298
1.076510932122135
0.9137451780081767
0.6075818328446482
1.1319110519524205
0.8349264616882283
1.5857440467871233
1.0250516802899843
0.8851348695043726
0.5276086576844191
1.807928025650774
0.8251875844243148
0.6315553702895719
1.795418301523095
0.7711077241836939
0.8256852098093381
0.7648935055034998
0.6512156752740047
0.7971296275082116
1.038730458169292
0.5116496589925409
0.6413103215733036
0.9751309343115468
0.8082175030112185
0.7520907923897424
0.6604215585405036
0.8135402102657703
1.296933499638448
0.5770851608192371
0.6294436179548176
1.3860791682028646
1.5831027977418566
1.1328782842581375
0.8862171528779298
0.6055678021998956
0.6402351446980539
0.6543523902817487
0.43203557426497147
0.7308544589784284
0.48340116128680694
0.43021616640822147
0.5594777695473677
1.432818343181946
1.4254110481155828
0.9498516422776923
1.2238545919668504
0.4706966579041804
1.0715424421257431
0.603251728774614
0.7933760552278801
0.9915628582158839
1.6947304877054228
0.841567426161879
0.6465512673748119
0.8242943331486401
1.6845025264512306
1.5185232076580282
0.7743454633827364
0.766741965332158
1.2172222976730864
1.1879107109191447
0.8547723810320739
0.641774908412707
1.5425618142510775
1.234305472785836
0.8343418553447359
1.334285036028985
1.5680592022151252
0.9186839207378278
1.1346710701016898
0.5661684100853274
1.0639776052522887
0.5558553587362923
1.8019516765915462
1.159626825269569
0.7394790441896546
0.7881049131341256
0.6153382325718062
0.9742676803859683
1.76897279595157
0.7116598747063143
1.2865204413418747
0.9120614826195742
1.5500768684211608
1.4293363282287936
0.7627571657851644
0.9054308804863372
0.5715034548146743
1.200946425480818
1.4606038547655174
0.8672915137861015
1.4944908623288418
0.5067323995218965
0.6548184193731278
0.6345747605251664
0.7921743302305957
0.6649141876291447
0.5753255659749931
0.687806954653039
0.7340697112912672
1.5995836087337505
0.7127070279805277
0.967246947871516
0.5734319399174995
0.645964506660812
0.6676006703412161
0.3993322868703524
0.6539311205685495
0.5966527174580524
1.207086289805622
1.001609696457206
1.5135575594436965
0.7895978837931944
0.5506631671622111
0.49011503360232617
0.7091464182081738
1.4090098105340487
0.880523543799472
0.6781329814513261
0.912047711005157
0.7530105890494865
0.35667094074300815
1.1935520745199921
1.3924306670093447
1.2223355926390929
1.4280905462399487
0.4476222316176602
1.1680014247175101
0.6682670063419928
0.6397812313705026
0.4416678163055767
0.40122339897222314
1.5853407736705658
0.7940954012570748
1.0829388538857208
0.8295079263957855
1.4924531483741392
1.118542526656306
0.9284592557862063
0.9584123142258383
0.7881142879380425
0.6599568532973342
0.9207541413313722
0.9848733531823427
0.5531873663814586
0.6736640020479999
1.4936066298637134
0.621800133727743
0.9502243568049804
1.4547345131509486
1.4321013593792633
0.7897898473274885
0.7643544627668794
0.7680010763428541
0.8867726213120329
0.6480050914657917
1.4350741243131373
1.6856075953446847
0.5044626198701535
1.3255121109371595
0.9804800316155946
0.5606588725198525
0.5485939183288702
0.547507518936372
0.913592568149594
0.5079389436577513
0.7175680164036627
1.7501018159165547
0.4699507171869281
0.6163482317841391
0.7434957372930815
1.5044782785166175
0.6257381882746822
0.5595971273359325
0.8920670988977094
0.5221464026419836
0.5461529619287091
0.7467624401449986
1.035214272492447
0.6917289993579012
1.2205491163499527
1.0371580141084737
1.3590074429542343
0.5076727196507546
1.0913440345465095
0.7816934717579287
0.5693948323287431
0.5154810744007147
1.598871242596478
0.9938716420028577
0.8750333590963822
0.49673576829101385
0.4928708549372217
1.37051331167037
0.6839674531945561
1.6049101329744029
1.3987220851881277
0.669595948518837
1.3659380780588926
0.6095742162955844
1.1710776195471977
0.6815712377156805
1.5614082986586242
1.4918056819423824
0.45381123909504717
1.3848733243203997
1.407199217414952
0.6383260400019167
0.6910973979276849
0.5492462298175813
0.8926253110874233
1.1624027439741995
0.861051047524269
0.6281016498927834
0.5405617431966878
0.8163500201077617
0.9671376026464905
0.5412483362828968
0.47324040497766573
0.6078309461759049
1.1239622821531439
0.8542390895156572
0.7910902933690752
0.42039444086605604
0.6803428323126669
0.7275149253944115
0.46880112058848017
1.3165408222917554
0.6245111457871348
0.8108382030029391
0.39664812682761813
0.7618582414435177
1.1529565118812635
0.7961988172535669
0.5467430090214257
0.8328943301714833
1.8084297750863811
0.610761059372969
0.5612323902965023
0.5101741143830331
0.6801802704333867
0.8899687000101096
0.5432502976962962
1.386646573516728
0.7924651827243756
0.8800301111018648
1.6019341315653688
0.8037614461247125
1.575700228240481
0.3477829861910829
0.7284533130693908
0.6192233672579378
0.5830516206697062
0.633029621383325
0.5179482419460347
0.9484725884944816
1.1158478536327443
1.4630864740253022
0.5168884973470705
0.4228062531156668
0.34419580505377406
0.420185014894414
0.9879382561630394
0.6039663408540304
0.8842839151945319
0.4521629626795539
0.5403205589500335
0.5970219914078113
0.4186551460932777
0.46437175493270816
1.2618532812355667
0.6755634764932629
0.42778922630564437
0.33201537854141144
0.627648117312299
0.45842720684490507
0.45578478478209244
0.6992579995317363
0.6049959556258508
0.48796736058540174
0.5625626510710258
1.4047658081499783
0.9075795184697963
0.7935529752742665
1.149775746769472
0.5121312608246984
0.5449121786060072
1.4326611313341948
1.3120111034433894
0.4890427648520502
1.173859038871235
0.7407132810577455
0.7244698384556402
0.7352218132914444
0.6885094193604651
0.5849473039543415
0.8236667171319113
0.41273961446646307
1.4228598196038102
0.718355022582841
0.8001326902362906
0.6893898143191095
0.5281734528279395
0.757330359465549
0.2832469951465582
0.6190790608676862
0.4494705938098627
0.865587048136742
0.9414706856534246
0.7097145073318316
1.4215427005333985
0.768401267361421
0.37763062538132286
0.3319004744079588
0.9611454612422629
1.423402890540873
0.4057703296291419
0.9491347914525758
1.114741573248077
0.3628973577492425
0.4566778229147969
1.344521578925098
0.6553582521572058
1.415362009658266
1.4163243667011531
1.3734238681537627
1.3656561274464505
0.5430741667355905
1.0736058247965554
1.099288472006747
1.156243903531459
1.4158761328219513
0.5592373667149447
1.209812379957365
1.2850966763215241
0.7359991135593634
0.4779186487804334
0.5608823049962846
0.659578944966285
0.5798493789201351
0.23188826762886153
0.8253192297094901
0.7648981700786852
1.1569745114271694
1.2854249735284258
0.6752455982779136
0.7169894645713637
0.33078173036919273
0.7799992382837192
0.37883520161993345
1.1015282002763929
0.6792246913766613
0.44611895011537545
1.2394150165942108
1.3870990128609546
0.6232192203065111
0.9264025017513204
0.5641766750407159
0.6108649761674138
0.561253148870723
0.6859585288895904
1.4950910685409766
0.36120829310404845
0.8034517380986067
0.5260075122856092
0.3314783635150731
0.6401970803506075
0.4270673345820046
1.1499740631026794
0.6603665756144388
0.5715597837654179
1.7223279109722647
0.6354003907019353
0.6043135834405367
1.2531509063254371
0.6969771470928356
0.7630672769298932
0.6894926810240734
0.5554043806766186
1.6728895495274232
0.4133633241834128
0.7951931222350621
0.5379948012958535
0.3312771065420622
1.3031278727892486
1.3410849649013024
1.3902003809603705
0.7360743535396101
0.5797385216410897
0.4155657005508509
1.4036765992530942
0.6869939742515244
1.3089100048667133
0.5242806283562349
0.4611077322022788
0.42652630907306105
0.4670695457379701
0.7638552838844621
1.4337185991479706
0.6110262554290992
0.29563546512414957
0.5840028510621365
0.6697228143171782
0.5881374128996893
0.4448373651855398
0.3274317223869749
0.869047893703465
0.28626742559086227
1.1234868859830833
1.241106092818272
1.1465645489273446
0.8641030514682313
1.1005485352205484
0.6357228702927383
0.728487593449106
1.3020265992602504
0.6603296819778838
0.2830135025783657
0.34477019951435106
0.5084831400574303
1.303302146885354
1.3846197543169263
1.0390845370614514
0.5938917772117162
1.3775261809719428
1.2799057155577485
0.6360944097566691
0.26425168555805845
0.4401271187736275
0.41967116317327907
1.415923589271634
0.2813982448178825
1.2198168615770453
0.6876729226209709
0.4378226805512849
0.27592153594580715
0.4682667841432414
1.3780521338296736
0.710732375792424
0.7249839393369983
1.2064670422457724
1.117072731827754
0.5959748997720395
0.31199552885230025
0.5970439686106516
0.3075410187946613
0.7587697919340614
0.5597627001458656
1.195464651387343
1.326174722205455
0.618289359374713
1.3142064604483226
0.45052057177969373
0.7288209177220323
0.4746961823312684
0.42562358694884156
0.5673820678828537
0.5749305685117483
1.1378241070814565
1.0847940578401298
0.6617144737938581
1.089186781749718
0.2619416298077199
0.21443278399079757
0.48840852170259186
1.2734027799683418
0.6238415981774849
0.2291768416441668
0.4989923224763312
1.0690908603988567
0.49130285228341664
0.6606528101970799
1.0542329020803631
0.39200788690228117
0.6768187087879796
1.4571088100528653
0.4465411975597216
0.5356155738860441
1.0085864228343882
0.7175704633034428
0.4964108457498594
0.5200558634671403
0.24257177229786406
0.6952242187040797
0.4338621429828175
0.5976145930005917
0.2928807826462823
0.3377407805053913
0.507806069898216
1.258715519429113
0.4081726672326997
0.6708036681701742
0.4195217933960794
0.6744204677709419
0.6850141474393683
0.49921636923836704
0.4463754374373811
0.2906515342539704
1.1339530557230821
0.5740136761463829
0.5932746730558095
1.6451499323841887
0.8301763380066252
0.6582884321611953
0.8334031726418156
0.8406665330572862
0.53442434940997
0.813414632353203
0.7846735364035896
1.1956615593173243
0.4182468880246706
0.7361331255605847
0.6340808072884242
0.6088075459719638
0.5106146861034949
1.2702808454583798
0.5080266345794358
0.3149713274354178
0.6154711842572871
0.5414710769274323
0.6294010165595282
1.3358015209238894
0.7825327942201625
0.624898386894469
1.1151504121079392
0.5272330499012957
0.506638013126757
0.551675481202184
0.672656887256447
0.728500762558544
0.3088737430963186
0.4437024327333933
0.3390909121584168
0.6788970634451189
0.24347491849230038
0.31747027838196745
0.6099054610849698
0.3754552604818174
0.7805192394411143
0.8530207403219525
0.3889153085745128
0.5414452973929033
0.3883831467466402
0.48788837652306005
1.2427925648812104
0.2343172774175537
0.2258273403990016
