1.2531126613562837
2.001938542667777
1.6848999950035817
1.1330318019181278
1.6338314216565728
1.1391854007566038
1.436208554603482
1.3231300839091253
1.3760511694246296
1.5827894930432163
1.5326985531828805
1.4687609436585713
0.8923404842809709
1.219666107662266
1.109323141117005
1.0834404998362765
0.8423589974989173
1.200360365725272
0.9267058836842677
1.2333598861677555
0.8897727636773783
1.221915158402258
1.0892384507865098
1.0575900056142034
1.2427630813520967
0.7760232722957612
1.1499635587810433
1.3005365708856598
1.404871683368862
1.0420637011156801
1.0125955814490941
0.8126339896127627
1.0258282605203088
0.9173803498043405
1.0161518850017373
0.8985339340167325
0.9557677737291922
1.1457339566977884
0.9666915793657345
1.0649986851700175
0.9492245056112416
0.8891105190656963
1.1690988864768792
0.7959797068659363
0.8520278746603399
0.6730580263157343
1.3387736451078815
0.9137278541955081
0.9358036460088435
1.2522101934225363
1.0827767382738704
0.9810598420195896
0.8093623396057629
0.6227271491198225
1.2181675756556258
0.7903834166689336
0.6835297579108434
0.9456001229334048
0.9223346723360141
1.6174573617990529
0.6702248894786764
0.9984230534004827
1.1198097024906384
1.1366390357380853
1.4204507778184319
1.1448055762883511
0.7609674488457522
0.8516935779248013
0.7180815912094025
0.3472804803492645
1.180226610419313
0.8132778176592013
0.8182778031923525
0.6794726818745631
1.5288229105596884
1.1438876858377922
0.8624657616143196
0.8817446857949159
0.6488338964213832
0.7536385630717942
0.903438631032505
0.7593404405169978
1.5775477432807075
0.7660803705183635
0.8454135262506419
1.3434345328017716
0.3472800510824172
1.0187388603637266
1.074228164848637
0.933456400610893
0.5730750213072957
0.9811024363873591
1.2797174801728954
0.8375540517853926
0.49907905113752155
1.1883185289759564
0.6417758696845967
0.7929603650806969
0.7638438335309427
0.678415919457559
1.081508366842232
0.9401968428631273
0.6712658190691927
0.7142301886148038
1.1424653544485364
1.3186853905027236
1.3953872798780873
0.6372598348080944
0.482396884375273
0.5737880823575608
0.9618280775125934
0.7370164179297185
0.7744023274443436
0.8226883517030122
1.0040802047935478
0.6681289091185028
0.7507024983681814
0.9726411172509902
0.8095797013986593
0.5503990588012629
0.6555990805182351
0.889110869920821
0.6469082798428609
0.7994394105267986
0.9723884077064119
0.7724687739384735
0.7616579495903654
0.9365860918729552
0.7769486635928319
0.7197175711052681
0.6768124459867689
0.9721047704742509
0.7502958086524336
0.8420736881137804
0.7744773141057132
0.9926913933966461
0.5269277258050622
0.6246321764212658
0.7042809010565141
0.5206274057328222
1.2126744823847806
0.9131698278155388
0.5860580487897963
1.1672592616524524
0.9162394243458978
0.5441164867609976
0.5931117923398548
0.641942439565312
0.42611037372049754
0.8754671718408649
0.6625673201752246
0.9136648202532922
0.6517715960595757
0.5892768805978955
0.569840659723534
1.4618477215631436
0.6623288744124933
0.9416641874510944
0.551898075328423
0.5865461017092719
0.788984845916416
1.0644501333098775
0.7559186944520461
0.41513078562807204
1.088894177921056
0.9859648673285031
0.3685506580499347
0.4766658710263314
1.209597845435713
0.9003192460158133
0.41211443972583744
0.6757745935764928
0.5472757393047369
0.6636058999633531
0.8623884196239638
0.6464675502439439
1.143225557842379
0.7146300015447887
0.788778539424391
0.7897659998506937
0.3806500251336543
0.5710885479174445
1.315458744181413
1.2233945886875053
0.6282632995025995
0.5600789476279208
0.5524556442150138
1.061434281984907
0.928707215552049
0.9976495374371703
0.676952975665039
1.4967246297992622
0.5311171022136434
1.2835341651830061
0.8052846237996486
0.7439321224197313
0.7581167009034898
0.4566181750324272
1.4495349241459288
0.2559877230011068
0.9071559886601498
0.5692661647461255
0.719809146515849
0.461900456287956
0.5375898309910172
0.9204921132311255
0.6135256536090599
0.5059427900818153
0.5275394536538427
0.9011163777927356
0.7277540195311906
1.0408085578696658
0.8821604894781301
1.0081785927717783
0.514077312699396
1.221398842429781
0.6079948082032237
0.5768237001835822
1.5063743681948205
0.5231511932627712
1.5175633260346404
0.4394685401115166
0.736588988415917
0.46759595645855323
1.500031410149967
0.5605958494578562
0.700560946336433
1.1526591359715905
0.8488951759991772
0.5394791380379488
0.7001768486391363
0.5063271044641511
0.6944751806620306
0.753302930340623
0.6281675727895804
0.829213390963796
0.6046753876935193
0.562433779628603
0.9088885307717576
0.3459846764222452
0.4759871272932045
0.6959315687987075
0.7596298414468277
0.5242828713437009
0.8024435269902053
0.4526026364174298
0.6673395885042889
1.1639072572857194
1.395389583419646
0.5617887999882364
0.520436516477845
0.6600905361693385
0.5025614094230416
1.15092832615626
0.5373004803399235
0.786078815293682
0.4654239432833508
0.5335752845951751
1.18982517818115
0.8666317467538547
0.7444191496633062
1.3598091119049798
0.49161656950380483
0.604678699264914
0.8210328727689632
0.3087078604905313
0.989087828572331
0.4309613595909252
0.9314111198628082
0.45680826727926094
0.7276439079442734
0.6013879862800893
1.101215660021155
0.32129202488140146
0.26959343404121566
0.9563619106588307
0.47766056056572087
0.7013764842571898
0.6368546633238341
0.510821203120911
1.3044985708376118
1.034647172253074
0.547484878659209
0.5391902424136983
0.8015956537487213
0.6410300852141868
1.1017840663118186
0.6189439124877275
0.4479315988906967
0.26928598223618644
0.978701971763543
0.7247561464981366
0.85005640365414
0.5162162201579696
0.40318191812637016
0.9450785958043814
0.4317310902904824
0.569738096822024
0.6296593269464628
0.636194663355675
0.6491186244094092
0.7027473477879526
0.4522755587927262
1.2976042552339433
0.41149142388453414
0.614010295899515
1.394787154219161
0.6717132953444975
0.9332929358595701
0.8234716278800074
0.6160652602557443
0.3392903344327013
0.8135632267664632
0.6406946616755842
0.43513447350294887
0.7649354175837966
0.5593602892897169
0.60307190548852
1.048027769321394
1.1154459615920373
0.30299456084466114
0.7911718061171428
0.6028003376510954
0.37410713298973797
0.46731983249167514
0.45977840523680213
0.44102037525079774
0.705318118910407
0.3557118656375802
0.551970204345453
1.1245978119927427
0.8299308293053601
0.5640639975235757
1.1283615817738286
0.6694311503818534
0.4410720584673738
0.3806147418985246
0.6295348702588764
0.6324676715736084
0.29747855022476016
0.657442743185983
1.3104261361169836
0.8801300753810568
0.698377706493701
0.7952388065285317
0.29199779629944167
0.7508955019206448
0.47736886490754626
0.489510529778946
0.35452112758480836
0.34282685290592424
0.4450079042593121
0.49639989451555194
0.44328133809140724
0.8729426795257925
0.5174407828688062
0.6529694309843702
0.412999398453663
0.5609638838168804
0.9241857180151545
0.7447136283870149
0.6551252769054005
1.089045161285829
0.557830584141278
0.9626277538092838
0.6723235082100772
0.4703049015927156
0.6817015962889147
0.48268551263742043
0.8915498799686068
0.5604301470829314
0.339439120811666
0.8659319631421546
0.8400497585770336
1.0855197498719422
0.5944543832392738
0.5207836943467098
0.4488233874253566
0.6777974532272788
1.3491409031936514
0.6300914909710007
0.42522709351820637
0.438042200255266
0.9351813660974964
0.7992124095089835
0.3859941077005814
0.43130977631325373
0.9082175192992352
0.4361868711209684
0.3169498121014744
0.9522289773122073
0.7920438268155888
1.2494152651948331
0.2974534533019763
0.6632911469639625
0.5516729853950187
0.34001710440006505
0.9198397907451984
0.4529104664383233
0.5148391266375947
0.676974307628684
1.3312265566202792
0.8429268420488265
0.48227077406517205
0.3370147475530997
0.4786534864922333
1.2303594102802726
0.6493203907852069
1.0889864174315416
0.40103621144142537
0.46613045453382007
0.582377598349288
1.1902627381123638
0.2188151982644564
0.5143871701086162
0.586974475475203
0.8408183311102335
0.6097892301061147
0.4613799627637475
0.33027671909261663
0.6305124845006134
0.4288174348340337
1.3454638363132148
1.1504635343058776
1.1987737102574485
0.21335097438247913
0.33175531640193556
1.1047123327351043
0.5820895043407406
0.3525302394238213
0.5314132239241681
0.5766119975119541
0.7156722519252027
1.1833353034672887
1.396869187360192
0.726803294216362
0.5570920819171622
0.8510389288862761
0.40041973390742763
0.6855324562804672
0.3966690304838998
0.5516766959189895
1.1591305067202782
0.38690467669970136
0.5783707805135683
0.6805151688282561
0.5456769166388697
0.5565450609211289
0.7419867378332796
1.0072014567475769
0.37571583352555366
0.6262572620314554
0.34778540938475927
0.2808469472989603
0.6968546918835082
0.7110330841639267
0.34745971821565447
0.7980486399677675
0.6564576010746984
1.3691317739444444
0.7577944681987087
0.7197615532900719
0.3147567207256483
0.8999293245970282
0.5703660001708332
0.3025255506381835
0.8746088962366192
0.5561230671382806
0.6336221206587721
0.5569244410054606
0.4880009046414166
0.5995539308556705
0.6385825874723156
0.30811793096942525
0.35648194497650376
0.8868183649196703
0.6083816856082525
0.5182873249252035
0.558938360492776
0.6186693025470338
1.108159623547512
0.36429714953628994
0.40629120127604823
0.4977811950158651
1.3486837546650805
0.6040260432243738
0.840628763424939
0.3301125528589887
0.42795544634322286
0.22958223821511278
0.24910361522159793
0.5011488536171361
0.29802055356728124
0.30372866981901303
0.2031232983894231
0.528539020202418
1.356032677416364
0.7338206459646635
0.36048824610623004
0.30219019221470744
0.8566363645115082
0.44853521507263844
0.5909857326211729
0.6096107816830738
1.5247917651862657
0.6477161134085382
0.4936015442943316
0.42209444030517146
0.7816240819272519
1.3118771732351906
0.32789918537537627
0.5798194468659557
1.0163733449932464
1.055092334118533
0.576278371631034
0.2810197020110498
0.47395491804013395
1.0133672408871788
0.39556260639126123
1.0408514993728009
1.2133214300874458
0.5830945305643009
0.8173376000466399
0.3278169538307168
0.8432367858059243
0.37779892513687824
0.6658572770319775
0.8087238636753424
0.5197744400606291
0.5817428277421188
0.5107771348699067
0.5502963182409116
1.358341043176928
0.5453213508858956
1.0708269564720254
0.47975217605631654
1.2385956334990227
1.1287026350070104
0.5562144413539346
0.6914808511800501
0.394232791662106
1.086520873382728
0.6048751318470683
0.5897631373753625
1.0981414408835712
0.4138707720008532
0.3831375107381842
0.4674175064994173
0.5042609646987907
0.4735403868370182
0.3174821294935634
0.5320322685560482
0.29900339492428474
0.5315524503882706
0.5059783987717066
0.7929044189644744
0.45918323697570984
0.4960294315717076
0.29972874931668375
0.29225544221320165
0.4901617147180458
0.22942627954710107
0.37504145864753613
0.561467644937298
1.3074639490856517
0.603172984057509
0.3224327516714092
0.3389758875579671
0.5769840346086772
0.5003063335411819
0.7087241244072664
0.49855559620425105
0.7928536995765113
0.2500909991683676
0.25968678184701505
1.0182812531801442
1.2838387535962419
1.106939514194643
0.974212485313966
0.1956286490627723
0.24999508673506313
0.5107455368863835
0.550891896863003
0.21411312544218536
0.22969794678592304
0.46570975725161706
0.6533884248555232
0.9541131559895463
0.6539165774700586
0.620259929927386
0.7267335804099891
0.7834219141864495
0.365025475375809
0.33656825573234966
0.2261957755991239
0.6985229507649882
0.691045138784367
0.40009618783873896
0.5941420430644221
0.5826707755243016
0.2341362915301364
0.5497014525517594
0.5240199783718943
1.3111350784754339
0.6410759801232734
0.43251607895944844
0.38186526815573435
0.7417498435434972
0.4982769940974184
0.36597257749838474
1.392776083144855
0.3454311974784467
1.2257407762871086
0.44104539566315487
0.4187410248149389
0.3695381565540026
0.25625610221819495
0.7223108322041468
0.3575190696386039
0.5455157638102669
1.4863405021224612
0.3471351034692193
0.539156182264112
0.3985759453188296
1.2679551875810218
0.38366195293422006
0.34361670391250726
0.6996940210105151
0.2434309852600158
0.4694789670463764
0.375673566914792
0.6547455511953895
0.5570204466877549
1.0618354348512413
0.6439348450002659
0.43880527503216565
0.31318552356857005
0.6665915408989176
0.6243305582658247
0.39929787851768916
0.48747015536137145
1.2150992992205638
0.6023704686895264
0.5937119063258685
0.34320581175669085
0.35923588501919107
0.4388838154414672
0.559495712428126
1.4131062237475325
0.46705165303544083
0.5321935514225893
0.48516996994726774
0.46387542381757824
1.017869026005125
0.4713884957372665
1.1817179522542585
1.217140935750583
0.18844398767482132
1.0811069205989037
1.2682617917117773
0.555502497136752
0.5397203151272559
0.32198675805854277
0.29980834695700176
0.23593148808847894
0.48779989113898514
0.4987659030084569
0.4244844422918805
0.6251757510597477
0.5754814204107155
0.21868766187508243
0.34292351080992667
0.517802479720341
0.533026694905683
0.5080029174199616
0.5082600698318192
0.3021524288160091
0.5998829393392456
0.5494560102983969
0.2998065151439591
1.1828401962008461
0.3239311692206673
0.5230443754141892
0.24007442727962028
0.3723115955791018
0.2525197552272538
0.6606107822777154
0.26788204859929626
0.6718936834898398
1.2837856420123968
0.28421316190293333
0.40933594746287816
0.4025313551879552
0.5530054248085757
0.5369896896569478
0.4290835416706048
1.2920537301327975
0.6633547417070591
0.3572541051630135
0.4702733294573728
0.6721328740269701
0.4440752609988073
0.28532960122003553
0.5860724918291775
0.4361577621396967
0.44109984926647183
0.28172127802040525
0.4153204294937222
0.5901492339472696
0.981774097136168
1.1106357353987217
0.33865803505740943
0.24780313595431497
0.21183804912400478
0.34925859034707873
0.46839754060975186
0.48339017889701413
0.6437821650589658
0.2505489514652415
0.228651119673112
0.4654650060713128
0.3255361186077195
0.31620787733388767
1.031625627254236
0.46367660070264294
0.3243328130734717
0.20791275364386053
0.24790921745673436
0.2965168062842335
0.35031587305101436
0.5176398285261035
0.2490496885350573
0.2882758589560676
0.4595381105386296
1.0312782200876998
0.5381503493289783
0.4765999641887271
1.0283120449528693
0.4110710624552199
0.44003758886956557
1.1005382764792777
0.40533075186247214
0.21858757326982317
1.0394822874467455
0.5337317972371887
0.378718958537723
0.5806529157469787
0.566203378096625
0.4493343621992967
0.6810884522508486
0.2963894691111705
0.28756394984679984
0.5008717256227756
0.6518942641300002
0.571306818852964
0.4048436812532432
0.327504690644633
0.18401093537667312
0.3085719419856643
0.2687958603184676
0.5377740123444532
0.6141542418795601
0.24409700004847418
0.3968406248627561
0.44126380381838015
0.2576060064506561
0.18035884385477058
0.6185107286180307
1.055216525903047
0.2862010951284566
0.5975335841548464
1.0484633131272845
0.2822112813424771
0.20855494155580018
1.2173066781320505
0.313802104693863
1.2767968229467919
1.2368986296289304
0.46428808636119934
0.3764463951713047
0.39591614756736987
1.0085329653938333
0.20177397978740796
1.0573898224658964
0.5343336357793603
0.4457836422594047
1.0999549941404536
1.2329988284357898
0.402058883526106
0.2356050932821639
0.32210144548003455
0.5125632732287991
0.3133184140730882
0.14533011572622054
0.47674809095658355
0.391250889496251
0.24588920613897422
0.946299707269589
0.5500197782009466
0.5832428740056613
0.14573547266882383
0.4760109745573091
0.16559468087717896
1.04174176740523
0.5821718247905983
0.3669986429883101
1.1313478056219253
1.039178201136224
0.4990895175306527
0.4679635531798511
0.23610769295014677
0.4214251902530775
0.4677271048591273
0.5643295064154588
0.5635459904710138
0.2394825431416223
0.23575445946234047
0.3943487977309854
0.2307274633697623
0.6218530625676294
0.2695636495141225
0.9932074474639088
0.6421420595086997
0.24863979961677887
1.420506010880896
0.4300903933043317
0.511275081904404
0.22749240513583985
0.4309673391466219
0.6323176181882921
0.2825839417242175
0.43516348759280116
1.224692435788238
0.2797003657425409
0.6817104870072497
0.432583146586727
0.2143492937352218
0.37010655831842776
1.2036794019202985
1.2890862224786108
0.5961822785331682
0.42573465589835824
0.32580713099094494
0.3778483124273494
0.45586300465960516
1.0499323485009908
0.31836078879900565
0.2299398156677758
0.3406467213150185
0.36234055204566273
0.3900101353601612
0.5020437698501188
0.5427607988775194
0.18442529429933507
0.4790834537596854
0.3501714970569148
0.3035022441467737
0.17202995918948988
0.2684534644237282
0.5226244641270866
0.21444747442421142
0.23071334447219233
0.34456638392767913
1.032966544094931
0.49670287572334043
0.21501713760879068
0.5878814740105316
0.6069379066023481
1.235633125383466
0.34315385336787785
0.246051071514083
0.27396644772347806
0.3994816096687046
1.182647566972438
1.2997300796335955
0.9489015053639347
0.3667334045868474
1.2533061091922408
1.2153901076155693
0.2809357562464171
0.1600678220086873
0.2631891482910199
0.3177728174049938
1.0387618728308354
0.2117350396259926
1.086957860114547
0.4670820537266931
0.2407126235553657
0.19095732257542458
0.36240326255909266
1.2302879669403322
0.4402494415885129
0.4672526993515752
0.3260774208520429
0.17064043887811484
0.513660168194217
0.22239342195850495
0.47052993052669345
0.12680549780568315
0.6479972216284896
0.4132747119045521
0.26472503267379643
0.41190392985568913
0.3298192719861589
1.090552598787713
0.3671196390585626
0.5938605593788313
0.1712838665630468
0.32370828007364755
0.3058155246880903
0.3253737144560825
0.9573557073475459
0.19286742062102502
0.486201525608557
0.1519393097883514
0.17273951588146025
0.13202978240949076
0.17449512189341856
0.24683156094147904
0.29187590908299893
0.1498290387644909
0.1798341044463914
1.023987580386157
0.2409546103512073
0.3063802908249109
1.0007565359644528
0.15735814308273438
0.40743248585073605
1.2358933828626748
0.21229667147297684
0.4570715184437104
0.945124488837594
0.5246930585824893
0.21280583743836076
0.2365990610035973
0.09867813208073752
0.45236949073486615
0.2154089004480156
0.5256597577581663
0.15702598235280849
0.12599298356658772
0.2752781085909793
0.32027111649401535
0.34736724621507653
0.3889057514038351
0.2096387438219235
0.33296409684851735
0.5122213309935344
0.36294011141726323
0.17743203025686863
0.14875536198704684
1.0325560436084757
0.22117728017669755
0.386608730212143
1.4143821248971546
0.35564798793027036
0.3665857754907933
0.7366767890275719
0.36070964178938847
0.20644222855659444
0.4667849676155108
0.47172366612482813
1.1474193358768183
0.20212233863259824
0.4471773710237924
0.31554980252437437
0.2710432550522531
0.2196997982917214
1.0257585546346752
0.43141764810524474
0.15830444997175366
0.5237468938615137
0.4308956462899531
0.3245562019482037
0.44022975138557124
0.7252577145055381
0.5165942410719654
0.20953964545897902
0.3228668695891348
0.3790039629348396
0.13394559850314042
0.4382601812519895
0.39193178190924977
0.206109286479426
0.34463011877722377
0.18688535715848942
0.5962561592464891
0.11207850804042087
0.20338189500522771
0.5171429131931281
0.2233790169909244
0.4159225844101133
0.6407145468705732
0.21632656368608547
0.3251581892087348
0.1698848915867657
0.4270366305471461
1.1208691086952762
0.1528485087149442
0.17575381598831336
