3.415573841617306
3.619124197990996
3.1531236242103864
2.5091472100280594
3.256675105600829
2.339065627634797
2.914839350421084
2.427324729453267
2.7204981859335735
2.8967650506047757
2.928598274136977
2.556414139393569
2.132864858532253
2.69135751414913
2.3440352580070565
2.176892831902226
1.8839442065466736
2.2664931979398917
1.9757980016776044
2.133290491812236
2.1696028918916306
2.397620906165117
2.0190599621915335
2.2701448966514626
2.2931425773009364
1.7659405138543227
2.1455996200938765
2.568589254064743
2.2116704485539413
1.8621389577782108
1.7216811517257469
2.101480011655139
2.0436925680837508
1.6642424412332668
2.0231044467764407
1.905369371031012
1.7792218601314964
2.0749544314171895
2.03487486784243
2.0859306508206537
2.4841463612477686
1.794508873052734
2.0681108270051363
1.677909003969099
1.7535562124195865
1.9617559345278097
1.7830877457495342
1.7476915933805286
1.5297893283406534
2.0899103614449785
2.251867603498706
2.0094492028754294
1.599239759446848
1.9756824789150838
2.0780570671642553
1.9342349439520325
1.864636250087544
1.5047546565145993
1.829062093587482
2.2655839502123922
1.3753548972724496
2.0776555174789486
2.039512791126234
2.0196556860693766
2.1082458704124254
1.8564989519921782
2.468424427424786
1.8958856119523178
1.5127896785034396
1.4888480222945075
2.2579795422747035
1.8469857596883643
1.987918589263726
1.4646227740569704
2.469665004000067
1.7282625675856145
1.5182178803923718
1.5753543530996468
1.9510522052875068
1.4152255644512484
1.8973815068417303
2.297708364817851
2.1180415881608203
1.4008234971363078
1.81488684246549
1.9758728693544738
1.596561828295862
1.611022447612743
1.962888968774242
1.8144904291310806
1.8626786509214663
1.946840311045083
1.8686157406102355
1.709181750893243
1.452520149305086
2.033811597250457
2.1563984496555624
1.4495671077976953
1.3109911470591307
1.7784048761321785
2.148075467797163
1.4708613512192659
1.7450999984461637
1.153703347709318
1.8893863977355336
2.4039744173198017
2.1322010066501385
1.8267830153622655
1.3563908214048623
1.3966318245345377
1.8169118273904026
1.7806579959052886
1.8182630118376513
1.9170996507366542
2.0741483619048626
1.6089253301990416
1.6496102343319046
2.528579285828941
2.3859903416112482
1.9385810744811423
1.4720200513896051
1.6099679383768375
1.28294055296054
1.4797250066375511
1.4869356585799864
1.714781969179585
1.3994437609804704
2.415565723793598
1.2652799792151597
1.572594496638246
1.742019923298846
2.159797061674739
1.5729233686053907
1.5913644219749088
1.2405284293929424
1.841019977928393
1.8494887881740951
1.5304785715095288
1.3174742030042008
1.2574395449390212
1.9600687497420615
2.0654420267775393
2.0840469258352208
2.157396604571151
2.212600692240185
1.1187476153367526
1.1791789094365812
0.9901088713121884
1.0561797299795477
1.445579534767539
1.563924324472079
1.8829452513841138
1.4862880724432455
1.400712643419232
1.796284871260569
2.1247001427918466
1.9888942812524522
2.0111134386869844
1.210934680247009
1.1967688097652274
1.5989834130335567
1.5627358925722898
1.5298004010038042
1.1928856625314377
1.711021688630477
1.6394633628026996
1.1947516900018509
1.850079717024547
2.035339104055332
2.2367925422476818
1.4281932109138133
1.3679648248439533
1.6532108370806688
1.4838602790573152
1.8646274498455504
1.4692037861570226
2.0941468522036586
1.6652304087201653
2.085968753630833
1.3728022867057181
1.0879468703495045
1.2826981127610564
1.8435096621125335
1.538622534167978
1.2210384261380727
1.5146975575932444
0.9515302397029289
1.995532426711995
1.531793685025053
1.5549482263003522
1.517551841410606
2.4224746793681184
1.2574827005484677
2.2291894902782525
1.2866429023288346
1.9476501771656944
1.5453133666300016
1.1180991493256878
2.079229652061968
1.0040917972661427
1.5886628928440794
1.6816754130874711
1.2746245298903003
1.2424858919396709
2.0037345377164626
2.3623717796139942
1.133730584074365
1.2978307698083777
1.6568728741848884
2.251031986707311
1.071035424710224
1.539421499477042
1.8738952286751578
1.465762700588079
1.3706860035268975
2.0704870715752555
1.5794203995989706
1.4648601390230942
2.1231325272182957
1.669838957054287
2.1855418482439495
1.3115276535681806
1.4489735790479101
1.9013312623826915
2.0256613869910582
1.1495434755088874
1.235363546343688
1.7474941567719187
2.277656937793892
1.8703946972405465
1.5521858128254598
0.9007202535525749
1.091402705604699
1.3586380432275416
1.5009554354768755
1.0862082800460433
1.9545432935522657
1.1021083251276182
2.1215856419474433
0.7239999065227078
1.2830890181162642
1.4538586061446768
1.3951043395300273
1.2281011437018758
1.3871744279815534
1.2581854019208936
2.15188762155646
1.9763118741579646
1.8622478708342596
1.959556712410851
1.3187939893493466
1.190425408652104
1.19694214973509
1.6126326154578345
1.3881036888738385
1.5599003764781205
1.1138646905824774
0.9626258555157771
1.924865325143775
1.6302902345312302
1.4824737810934738
2.0294679807873495
0.8364066147850293
1.1657182826434171
1.497380591906531
1.157715996869802
1.74338112576288
1.233579237296306
2.0572121567285087
1.2572897837750134
1.370825267936826
1.8327198862374237
1.882368452623481
0.9913574650408171
1.2882430175568587
1.676648266133709
1.1551015140598073
1.4503868534809565
2.337942829045867
1.6983257254049353
1.8809113328082923
1.711648917285532
1.3803499214347799
1.290028438710079
1.2228537572298912
1.1872907876029073
1.9579920691704207
1.3333490425555556
1.0015384881528857
0.9564683855216006
1.9489562216117062
2.2376900236402846
1.523719375724574
1.308756084404565
1.0275323867873731
2.2147174614817025
1.3491847727721722
2.003513242908078
1.2378220597965899
1.1412848626665353
1.1338612737649725
1.363427149592758
1.4451090151495964
1.5928205010952299
0.8938148455856576
1.6063174819135075
2.0338295823116024
1.9184065030156003
2.0558770954157204
1.2385044246685686
1.6057237982785402
1.1807554683589625
1.4632533766227867
1.7651147855868254
1.3873294892447192
1.157404661148223
1.349881287376951
1.1365846563072983
1.5646957678742897
1.7775128847246768
1.4264934181663467
2.3732880037290176
1.5587575700877103
1.6954263587993543
1.2253010456684872
0.9863193432684143
0.9964808744030438
1.2228001397723074
1.0421497972046727
1.256490067472519
1.5504584865531144
1.5692971704984386
1.2889611005151094
1.542899949079218
1.8226050147020372
0.7820524833479917
1.4246032128247208
1.1264160327453914
1.1384302399287993
1.1623693308411915
1.7270427911839965
1.966381896014407
2.327588790078768
1.2576693093852123
1.2623952566446606
0.7488619818708075
1.5550747024069667
1.0543902293697978
1.7994876489141136
0.9795549103744845
1.5500728546540945
0.7880854691606197
1.2191347314278722
0.743145010990315
2.0784713558597554
0.8838329790849695
1.2587573958193499
1.0916053186613444
1.2031609491808444
1.8257530646645626
1.46355318024421
1.9898211179111656
1.5784465320965704
0.8221069850705376
1.5499939764023132
1.282558136789262
1.7633013820909291
1.238781306639834
1.5305924674452573
1.9920771069815917
1.9907999119240911
0.910881285121669
1.625677199178132
1.2399796342165557
2.057349048455347
1.1928516279632604
1.1520318433655068
0.9020919503002665
1.9757503743587297
1.7519681595521706
1.0725999967954285
0.9409264163711807
1.1531416940139911
2.1254112718834963
1.1084332832161317
0.9828974096480282
1.0207541427125675
1.3602559956616722
1.0928837905296949
1.0276343845997946
1.2708538123728352
1.1090600915082036
1.6569681520069586
0.9975247278604208
1.2761905081997411
1.2135108312814766
0.6443154562825266
1.1904516628365838
1.1912320455680308
1.136104116570535
1.318699297170654
1.9272075480873019
1.8827604736617252
1.4044657314622002
1.2337011197804824
1.051274528870358
1.6824757880319134
1.0768124113500712
1.5640994980500333
1.227013687230985
1.5951137978219803
1.1676547835559492
1.8126116069290559
1.6837500539227468
1.1122605474416412
1.753718308474579
1.484525206141848
1.3428792294427871
1.6955753364651254
2.156190777385503
0.8826222612221608
1.0127371614008216
1.971176514431408
1.886486467870268
1.8445589048088724
0.6342345599587617
0.8602347068974976
1.8419088647074888
1.1347452668736608
1.1188587850016734
1.1814614052329528
1.5627875861373157
1.2812075685806223
1.3559729333338089
2.2618551822005184
1.00035324389973
0.9934283882065243
1.2474692126860587
1.8820177219692709
1.2794724473464032
1.0046448789320177
1.9080135804194742
1.7484020912756097
0.6760868486037725
1.114607988274331
1.801214593981631
1.730229964699019
1.1807782774176208
0.9780336790971244
1.544603557961213
0.9312630820580786
0.8630207203441743
0.8473410865901811
0.7099216562646204
1.2349176862990792
1.1361282584235366
0.9391293011570593
1.2522120181485974
1.0621424051022368
1.8991957689228887
1.2129025861008682
1.3446621749446397
0.7439307714855052
2.166884479006773
1.1324205338517026
0.8243463136265756
1.9164558120860187
1.0683986988922651
1.0911002540368786
0.8547170911771441
0.7529110533847718
0.8714747915873483
1.187400355567838
0.6821239273566271
0.8567090753945109
1.136421846369659
1.6411006900635305
1.887573708096424
1.7956737059746444
0.9924835646909934
1.5139859789958372
1.465759617454133
0.8295851521450813
1.5615572841318108
1.9782303688540197
1.5311145053359432
1.07559958552663
0.860955006449482
0.7747469859583835
1.0241386771661012
0.7674324616996462
1.0702393254886435
0.9071830644323982
0.6395645244218588
0.9869219640986642
1.8701016399337362
1.711972547706316
1.3158104009875293
1.3679731563140192
0.8832724068070165
1.1571209150149606
0.9993232842506332
1.6968471958774995
1.1235258401929848
1.8474945175257826
1.7533141440596327
0.9643947173652158
1.4465881760670827
1.910837629601137
2.070908631345961
0.8306997449753095
1.1172941820331896
1.5654440116354746
1.4338386547262276
0.9545532850435615
0.794346015766795
1.727876955532337
1.5505397052587848
1.0399720394705811
1.7916498227605275
2.1201856045623293
0.993434868173044
1.2429991305449364
0.6771392464433478
1.2448818816147762
0.7322938604703865
1.9381822784493459
2.0708029662035017
1.1042914333576181
1.6443665498327635
1.0003419111004261
1.1568683615335869
1.8900553096039505
1.065192892538748
1.4059181053786407
0.9611556267042708
1.7429575548806684
1.7714884907982564
0.9052812185789145
1.055838846755582
1.184221174074966
1.6188192379674509
1.6594307432477144
1.0338399272480405
1.5716662790690759
0.6641897016628557
1.024452527638973
1.5059537649592911
1.396772912025945
0.9005128206352608
0.8107924470563717
0.8570722849624315
1.1289166809046483
1.976654027195115
0.8847065437500305
1.0810651377075753
1.0074885137566054
0.9179396971566331
1.7968853512730762
0.6346521130318836
0.8652928060311891
0.9451937357318396
1.4014035125487656
1.1090465434720587
1.673398868474052
1.2172186491271695
1.6188428364457441
0.6595207100857648
1.0081554369080212
1.5069228768602416
1.104055987263241
0.9479022390604415
1.8204488418464915
1.0546531070568057
0.7464058918488209
1.537476031615414
1.7307904601585933
1.3959485534036729
1.5928280614024477
0.8253800357761091
1.5123588857550119
0.8739421108813412
1.5530716868164554
0.9839288248971145
0.7890727080933331
1.7611503922477647
1.0005306235899216
1.3449544905793511
0.9815795706340664
1.6498844817527034
1.3400741083708847
1.1460426904192307
1.2554388306048492
1.7383485260716736
1.5636337405981842
1.0814834336460215
2.1151883325156264
1.4089707509001694
1.049659205940319
1.8337971060493858
0.7874817182093434
1.1107950745224013
1.570193110917994
1.55160866133312
1.157719291005269
0.9454010591891935
0.89421025606727
1.0619125685978368
0.7456671476677824
1.5806764475830586
1.7929396364349515
1.027654782787077
1.6898839924339562
1.1065059980064942
0.7533745745012821
0.6742592438828443
1.4434011936367077
1.2988912275287525
0.8925760926938511
0.7756519380703837
2.114817441872591
0.8065807906612231
0.8355093449798564
0.9893564471772025
1.9504633142463
1.003138507898531
0.8602691454019039
1.0617148993036662
0.8412357724312318
0.9166644319005013
1.035468770274554
1.2710679382090209
0.8414000258372025
1.5240879111459174
1.1842617369758064
1.4824673775552062
0.8381661166826044
1.1605089488643867
1.1154789930682982
1.0569664655071325
0.6840603018537945
1.7548982773534263
1.1296482644756025
1.0010905336749452
0.6740776340584381
0.7965656621238915
1.7176261097174153
1.0436560979032805
1.7155118285213127
1.536366920042274
1.5798327172313626
1.5250493189901304
1.003276592995435
1.2455000593339631
0.9830809684476434
1.6327867617425784
1.588716170747445
0.6637752561520219
1.7276749456027192
1.5637707090742756
1.0597596672325205
0.7819189589998141
0.6662473462587265
1.0075239101175453
1.3259873593308082
1.040258630694129
0.7781328299598569
0.7551771418164119
0.9730283575930857
1.089658959900206
0.6745454338143008
0.833783489476751
0.9725353154136994
1.2493100009291676
1.079910553782446
0.9432656956481839
1.2972593100589624
0.9139694896826618
0.8881538421768869
0.5618941678031066
1.466063013494056
0.7265081564506825
1.759833709704588
0.6539137764125689
0.9229917458287189
1.468979636027584
0.9470601734492602
0.7307629967651397
1.16655325315841
1.9371170881782909
0.675149048354115
0.8314448790808193
0.7676522021967225
0.8232564062730264
0.9824397742635117
0.6690532310928049
1.4920592380423592
0.9687802672123854
0.9677088861854898
1.829259258746304
0.9639937878259418
1.780219977598882
0.5378177075722754
0.9184485027084801
1.6430783731324068
0.9441534785698151
0.7449394028172946
0.6545496496853804
1.0836329758788823
1.3837611695964733
1.824291355551194
0.5969367709294965
0.4852208776603675
0.6002046100370246
0.5164034118597214
1.8985739682918783
0.7895903042286108
0.9335547776227411
1.3626309248387196
0.8303494323441978
0.7516494696632616
0.5540356791897509
0.7894551296751852
1.334365982852269
0.7764365517260141
0.7657806734754602
1.2421499529707163
0.7663935172080794
0.7851737328345727
0.7235363391018326
0.8170513606237295
0.819109516481007
0.6230894731496974
0.895917183721258
1.5343069660064337
1.0613906489015776
0.9053426694096126
1.2605821885368207
0.7615093765617447
0.7810968128645167
1.5678520691182605
1.7436152629306205
0.7847358384357381
1.4659949956914002
1.0754233482111746
1.6065148432486946
0.8183684433598561
0.9350524744297335
0.6770211232998535
0.908509666219504
0.7651228713186602
1.7021630003288517
0.800658609680573
0.9577690780750986
0.9423009163335352
0.6779219674363446
1.6682964026255684
0.42661913436433474
0.7622697040234043
0.5807951008298677
1.0337646191327063
1.2697474386690093
1.037846134641471
1.7721122870704202
0.8763513910283389
0.4272740721659626
0.6870522745550754
1.108087438171578
1.5880111352041162
0.7472657299863645
1.1092880447174966
1.4054480933245483
0.6906628240969899
0.8181418549934303
1.6251628198436936
0.9029680465322785
1.6708658527109597
1.5988441407697793
1.5886147199089298
1.6730429292216322
0.8161159146979611
1.2619228931451176
1.3834296249125253
1.4179701655824752
1.7561024492228945
1.0212658232719691
1.2900519217870812
1.4322013378621876
0.8350418635963819
1.4078161146601218
0.6114471550075486
0.8209715887400068
1.430351071625493
0.47001242400463944
0.911471151482396
1.0631274946306093
1.2526191392947965
1.5704574031068315
0.8064837925044293
0.8141602645546839
1.23788306181154
1.0837332184419632
0.5401715933925233
1.338395485218937
0.7738126975336952
0.8602625914093873
1.4753340034529099
1.4790041723821021
0.8604668625905211
1.8334647374028121
1.0717902998227993
0.6738706482243242
0.9074203287225855
0.8445824569825755
1.8261917034283233
0.48857207610596715
1.0044661837320796
0.61591320492246
0.5666671983668579
1.0037725707638623
1.3191183978150656
1.251958226571436
0.7772225999080702
0.7265342340652907
1.8432637802660414
0.8267361675004113
0.7069796142787772
1.3439840116462172
0.8541360678809782
0.8544221222962711
1.573928818786022
0.7766660661896587
1.800036545890527
1.3202643702783274
1.0300896824723729
0.8496747005190279
0.5179977878809007
1.459205472972068
1.7242416137556122
1.5097658500186992
1.8643597617596674
0.6393020786155263
1.3220513765322421
1.7283141849538897
0.8233932922788272
1.6681634978948487
0.8455756912690178
0.637815764676956
0.7814040103579132
1.3987939836333712
0.872168117746142
1.5653494154898513
0.9225708427050398
0.6185743879879184
0.6520398425482578
0.9078633441495831
0.6330518428275048
0.53304498030571
0.491139669647639
0.9680202707419764
0.4354257088546923
1.4339887741067605
1.3511089682722361
1.2297272670024084
0.9617644627838842
1.320210489208199
0.7744072170448291
0.8261715238663745
1.426923999483865
0.8701166977261233
0.732936543453211
0.4767017308081367
0.7816533530467131
1.5511851431454335
1.432059367382608
1.393418800998203
0.6306993698466572
1.4938734737713601
1.537318010488805
0.7434426122365764
0.4929199738719954
0.4941361257497576
0.7161189112668369
1.5341252346302303
0.45414971949228755
1.3420848593156036
1.8228921486565335
0.9378656886597054
0.5435357327789918
0.5955088939488938
1.4694685302874733
0.8321042627458081
0.8232428781337375
1.5426810150705899
1.1713687052832813
0.6784058537861911
0.6689066677263298
0.7887203996822936
0.5738927503450759
1.8265548187167104
0.8352900468353583
1.3215736217945473
1.4231803791002275
1.1726011104414953
1.3906366611124463
1.3691747224352002
0.954748491947471
0.6231266609659396
0.5556648772702547
0.6503586705070297
0.664935924290971
1.2474331089556685
1.4494092008518797
0.9752520750470394
1.4216856581086434
0.5597908370864527
0.5561351844359783
0.5272179808525155
1.3247315613706676
0.7001760857044848
0.4342371679602832
0.8191957511601358
1.5124969057136437
1.5547627337144392
0.698954209280388
1.5436707391577582
1.2787760164833024
0.8305088802923486
1.5587434473655566
0.621387329088603
0.8479990377911159
1.2688055869509849
0.8336625311497772
1.3982827900667283
0.6741718497258509
0.6572803070693825
0.7732427452598971
0.4969382084858456
0.7439593131705929
0.4086615289875257
1.4721904480013026
0.6452781095869058
1.5846970686807558
0.7286001038891301
0.7358922305725594
0.6636576564407368
1.6705521915216701
1.579801279985391
0.5681087629145087
0.5714673362608202
0.4484203992672877
1.2540632618564778
0.5886510110805131
0.8643431125426686
1.8669560240334908
1.7099241134477272
0.6728302870047551
1.7490232733565239
1.0056482197821184
0.6111310848481384
1.671670557462409
0.8588159048387591
1.2755370863202393
0.8241610906577627
0.825798113433169
1.0394050905577308
0.6795818267404303
1.4061550372864082
1.5248172575338104
0.5994996477193856
0.4067695484564673
0.70047303315758
0.6241044762181804
0.7105309128557795
1.3989032693040213
0.8585453166210066
0.7579235237557743
1.5790071244651516
0.8421339050222189
0.8329234489383409
0.8047769781103631
0.8807542758996085
0.8192152318121129
0.5864158824740104
1.3838222921675118
0.4184868307228109
0.8265911137423512
1.1304439453817476
1.3771795644870268
0.7002192307823581
0.4782912438137667
0.830881697379989
0.9033643039291784
0.49746317951070934
0.6399171201825815
0.9296417015107545
0.5470596805756447
1.3468440719364927
0.5474871503166346
0.5611943791587432
