1 0.3683028363208037 0.3333333333333333
2 0.30786859083508983 0.6666666666666666
3 0.2336971113469554 0.8333333333333334
4 0.32123528714449434 0.6666666666666666
5 0.2430920727752436 0.8333333333333334
6 0.25405927905889797 0.8333333333333334
7 0.23070967632563624 0.8333333333333334
8 0.24331915369277046 0.6666666666666666
10 0.24375620964604186 0.6666666666666666
12 0.26241509582667744 0.6666666666666666
14 0.2975314171468894 0.6666666666666666
16 0.276657149486224 0.6666666666666666
20 0.2528502129580391 0.6666666666666666
24 0.28151606824504416 0.5